(-4.71238898038469, -3.141592653589793),
(-3.806491999236657, -1.570796326794897),
(-4.71238898038469, -2.1657751547027315e-15),
(-4.71238898038469, 3.141592653589793),
(-3.8064919992366573, 4.71238898038469),
(0.6648993456468629, 1.5707963267948961),
(-1.5707963267948966, 3.330669073874586e-16),
(2.476693307942929, -1.5707963267948966),
(-2.476693307942929, -4.71238898038469),
(-1.5707963267948966, -3.141592653589793),
(0.6648993456468639, -4.71238898038469),
(-1.5707963267948966, 3.141592653589794),
(-0.6648993456468638, -1.5707963267948966),
(-2.4766933079429294, 1.5707963267948966),
(-0.6648993456468639, 4.71238898038469),
(3.806491999236657, -4.71238898038469),
(4.71238898038469, 1.3322676295526112e-15),
(2.4766933079429294, 4.71238898038469),
(1.5707963267948966, 3.1415926535897936),
(3.8064919992366573, 1.5707963267948966),
(1.5707963267948966, -3.141592653589793),
(4.71238898038469, 3.141592653589792),
(4.71238898038469, -3.141592653589793),
(1.5707963267948966, -3.3306690738755327e-16)